[Global]
G=1.0

[Planet]
name = P1
mass = 1.0
x_0 = -1.0 
y_0 = 0.00000000000
vx_0 = 0.083300
vy_0 = 0.127889

[Planet]
name = P2
mass = 1.0
x_0 = 1.0 
y_0 = 0.00000000000
vx_0 = 0.083300
vy_0 = 0.127889


[Planet]
name = P3
mass = 1.0
x_0 = 0.0
y_0 = 0.00000000000
vx_0 = -0.166600
vy_0 = -0.255778
