[Global]
G=1.0
dt = 0.01
final_time =  5

[Planet]
name = P1
mass = 1.0
x_0 = 0.8083106230
y_0 = 0.00000000000
vx_0 = 0.0000000000
vy_0 =0.9901979166

[Planet]
name = P2
mass = 1.0
x_0 = -0.4954148566
y_0 = 0.00000000000
vx_0 = 0.0000000000
vy0 = -2.7171431768


[Planet]
name = P3
mass = 1.0
x_0 = -0.3128957664
y_0 = 0.00000000000
vx_0 = 0.0000000000
vy_0 = 1.7269452602
