[Global]
G=1.0

[Planet]
name = P1
mass = 1.0
x_0 = 0.8871256555
y_0 = 0.00000000000
vx_0 = 0.0000000000
vy_0 = 0.9374933545

[Planet]
name = P2
mass = 1.0
x_0 = -0.6530449215
y_0 = 0.00000000000
vx_0 = 0.0000000000
vy0 = -1.7866975426


[Planet]
name = P3
mass = 1.0
x_0 = -0.2340807340
y_0 = 0.00000000000
vx_0 = 0.0000000000
vy_0 = 0.8492041880
